-474
905
375
-257
995
-235
846
847
787
310
445
-904
171
-694
-473
954
724
501
316
698
515
554
-305
163
-91
283
-577
-161
-644
52
422
445
247
-58
531
6
-932
198
550
46
197
924
36
724
313
302
85
454
902
-583
-947
998
526
563
-274
619
595
883
-636
-996
878
-304
466
-931
515
-855
353
-881
-753
499
720
784
62
602
176
757
82
-825
-225
185
-660
-310
-155
-473
489
326
-757
604
-89
-5
485
-372
705
-382
96
724
752
754
-102
916
-959
-650
-260
-746
309
-384
-503
153
-465
-603
592
423
-181
942
708
-192
-682
-668
973
-476
-39
856
-354
621
948
-360
-729
-917
253
-269
-244
102
-889
770
584
740
913
-145
23
-226
-422
128
621
-889
-394
668
-645
428
-641
-911
150
104
638
988
-275
-617
796
559
-393
229
747
64
-841
-394
286
390
583
-395
-694
305
-64
773
48
61
-562
-514
999
663
453
-147
-949
-581
-795
-335
-924
984
989
457
-15
362
12
-913
-742
-987
632
-939
213
838
-878
13
-392
385
-891
-276
-913
-549
860
-655
97
109
414
637
752
-177
-765
-634
-432
386
949
320
-196
997
-536
-43
662
-326
-721
-910
768
-216
662
728
-849
373
13
230
401
-401
187
270
602
-53
-692
-997
-761
288
232
-281
-610
894
-157
743
124
527
40
423
303
186
-287
720
-693
-787
-466
64
-782
-913
679
-184
-175
-442
-888
443
-539
-325
582
-659
-692
784
201
165
641
716
757
-488
-930
-538
-817
89
-681
-899
889
-728
-988
-469
520
549
-605
-14
-321
509
-26
-282
-709
-396
-408
-718
950
-181
330
276
132
146
949
-252
160
141
-127
-918
-56
794
479
739
513
-735
-244
216
268
-377
894
-906
829
414
822
-842
-248
530
-502
-558
91
116
425
-150
-236
-598
-730
-489
131
-911
-223
-330
-941
877
571
721
41
-16
-653
-529
620
258
791
626
702
329
143
-488
162
-759
452
-228
405
-784
-104
-367
-125
221
-677
956
21
-952
178
439
-955
124
-409
-245
-171
984
-599
515
872
-973
882
572
789
-463
-179
-11
-777
-884
431
-348
-320
-979
-511
-526
283
759
-666
-17
871
999
374
886
-736
460
-758
408
-470
884
-859
-683
607
580
246
813
-370
110
538
958
7
-251
-841
-499
-236
389
-122
845
-726
-390
267
-949
867
423
-782
-567
-453
819
-548
242
30
9
387
633
-494
-41
966
-7
47
-88
814
-164
-71
616
956
379
-408
179
88
124
133
-854
884
-152
458
480
654
328
370
650
1
-441
27
-986
924
628
-285
-323
-788
893
-15
632
-661
653
-738
-728
-658
770
-673
-131
396
-312
-952
-904
-755
323
-130
-218
94
-153
188
-57
465
-293
332
-664
-23
-86
-340
-499
-453
239
-713
-8
292
-858
747
-858
464
990
426
-822
-997
720
-366
-943
-538
392
-312
945
110
179
289
439
207
110
209
171
-144
-745
133
-402
-561
-130
441
836
445
-17
11
904
497
-710
661
353
-296
347
148
-583
782
-922
752
-827
-829
-989
-453
939
953
-354
-919
854
123
-251
-583
-346
-257
866
-349
505
-853
741
-875
-513
257
9
-192
671
-684
-180
-782
-79
995
532
-312
-85
866
364
778
176
606
510
-855
820
434
628
609
874
-78
507
-253
403
-861
650
304
899
999
474
-20
697
-761
-863
92
-90
169
687
-654
207
524
542
-583
831
-747
797
-932
672
741
550
929
-654
573
-118
278
264
772
252
501
388
-498
587
653
-155
-778
-80
-575
922
707
-422
677
283
-411
753
-789
654
493
-180
324
748
538
319
-461
7
-887
-727
-777
-7
332
247
-258
-628
6
273
-378
914
-73
-467
-300
-966
122
620
123
-929
-74
136
219
636
848
-564
-322
-478
458
-81
-329
-230
959
-996
66
11
-316
349
117
-176
-88
663
-123
-570
-187
4
729
786
-400
-112
-770
470
598
131
-800
422
963
-18
-33
967
393
-784
-654
665
840
-866
-583
-577
-498
658
67
469
443
-750
739
-258
-126
-245
697
-463
653
899
564
819
-820
-18
620
-83
-147
921
460
-902
-771
667
-704
944
645
625
494
858
-518
830
-4
457
-934
921
-325
-708
635
-221
-471
394
217
220
-726
-19
678
-767
-96
881
332
461
431
-646
115
-519
-439
464
789
919
358
-834
-316
-264
260
-665
784
328
-433
840
-751
-720
110
-169
14
910
145
81
-453
270
305
877
466
824
408
-917
-905
458
33
583
-511
27
-561
777
192
-277
763
-715
194
-908
266
877
-354
586
-558
-557
158
720
-338
-287
-685
573
-537
989
35
-813
562
-455
-937
-582
-76
-769
-32
1
-931
-787
121
311
101
-854
9
-676
769
236
941
-184
23
-505
449
944
345
295
278
64
-701
-682
528
-727
260
-698
290
-390
-608
-44
-324
-274
946
-913
81
947
123
-298
210
-326
663
-909
-137
-554
-252
-534
-324
-988
-643
517
-868
341
-70
-425
-307
-219
550
-328
-688
-899
-906
-239
-580
492
357
-871
-781
992
889
-231
942
-245
297
-676
-657
135
-962
-682
-566
-394
-471
-967
-613
903
-452
458
-972
-414
-720
-295
-203
-872
975
195
284
669
275
-969
447
-193
30
-569
937
969
617
704
-124
-287
642
-987
689
-603
804
253
-456
871
-855
-268
-196
895
-689
-69
-747
-266
906
-736
