6852
5066
-1281
3461
8552
-8870
3726
3725
9334
-2340
-4298
9546
1335
7254
-1371
305
5294
4397
4876
1469
-2997
-1192
-9440
5165
-7503
3625
210
-6344
-3757
4006
-9673
-503
9999
-5975
4513
5555
-5067
-5743
-5640
4228
-9197
-8615
-4143
3865
-1867
-6945
-3660
-9009
2554
2091
4878
7417
7959
104
-2331
-7631
8366
1021
6148
-4379
-8846
-1016
4142
-7491
-1026
-2631
1137
-7310
5576
-8603
7255
6697
465
-5037
-7186
6541
5491
-8805
8834
-6254
-9575
-8596
7925
-7868
-5734
-1295
2005
-8240
9990
2423
8746
-2892
-4863
-3918
-7035
6511
-6724
-3213
5640
2811
3730
-7897
-9366
3179
4908
121
5777
5463
-2061
-5978
-502
4376
-4443
8212
-8061
-9138
4072
5468
-462
4854
977
-2450
6916
8593
31
1879
8071
8896
2365
5136
754
7396
1877
6155
-9880
-3962
4972
6666
4348
4177
-2837
-8069
-1479
585
-7728
957
-5156
4866
4750
4827
3903
-5127
-1018
5446
8735
4346
-8588
7259
-6486
9188
9596
-1950
-7172
488
-2065
9011
-6727
-2601
-5978
9938
9505
-8438
-399
-7625
-1833
-6656
1149
-7087
6821
-5000
-4499
-8843
-8724
4459
-7652
-7101
-931
5518
-1011
-5188
6734
8735
-2134
7153
-4775
7295
1155
-1692
6538
-7826
-7237
-9947
822
-3099
-4832
2381
6980
-7984
-3675
6196
-397
-7808
-8029
-2323
3661
-5579
4636
-8975
8464
-2339
-806
-9238
9807
5486
9305
-474
-5105
5136
-6223
8165
1388
4144
-198
6870
2590
6978
-7261
-6272
8190
6910
-3108
-4585
-1954
-919
1757
2281
1563
-6322
-8659
3670
9170
8218
5080
-6835
6952
-1589
-9883
-1278
107
-8588
-5636
-1879
6513
9280
-7522
1458
-5272
-4455
2189
894
6065
1548
-5403
3095
2893
-5201
4720
2957
-8530
4879
6748
7058
3359
-8782
8793
5036
-2562
-4235
-3765
5350
-9130
7968
1024
-4578
6048
6120
-3483
5113
-4836
4026
-6953
-8496
-590
-8403
-1228
-9541
4133
-4965
4199
800
9368
3867
-7471
-629
-1031
-7176
-1064
9398
6401
3792
-1565
-5815
3437
-6091
2645
-967
-7341
-8717
6493
-3946
9383
-7585
-8668
-7784
2561
-2869
9982
-8321
-5140
6779
-3371
-2761
-2434
-1474
-9175
4789
-1844
5700
9594
-7806
-3533
-3178
-730
-5148
-5608
7932
593
-9623
-5572
8550
-134
-2375
6331
-9869
1165
-299
5107
8267
-3363
2071
-2997
-5369
-2714
9031
-4751
-252
1689
7073
-3186
-7155
-3025
4329
-4410
-7640
1435
-6239
3341
-6344
-2054
-7180
5413
3016
8519
-5478
-1051
-3137
-7021
-1243
4210
-8067
4851
-1801
-5468
7853
-3199
-3812
5148
9229
8936
1039
-1090
5710
7224
5313
2722
-2865
-7906
104
8936
-2680
5153
9009
1525
3110
496
-3933
-1605
5264
6830
8709
2547
3571
1387
-4488
-9373
3157
6583
-3781
9878
-6643
-6371
-1524
748
2270
-8409
5034
5084
-9752
-7093
-35
7651
8668
2796
-1042
-2948
6901
-7163
-1168
717
-3468
2486
5703
-1575
-9780
8385
-9819
5598
1308
634
-6601
-1759
-2924
-2700
-5669
-4336
9822
-1457
1096
-972
-3842
-5044
-8615
7470
1469
-3209
8507
9560
7640
2760
8984
1876
-2083
-644
2624
-2165
6560
-420
-9178
-5756
4108
-2874
5285
-9119
-1930
3393
-9921
-4609
-2096
-3421
7873
-7171
3764
6720
6277
8932
-8934
-5424
-5130
7400
-8325
3577
9473
7002
-6947
7791
-2613
1788
-6002
4692
3848
-6976
-6827
7956
160
4059
-1718
-635
-9865
3798
-2268
8620
7464
-2491
-5043
-1035
-5198
-7459
8804
950
-1831
-7856
-52
1959
-2006
557
206
-1980
7698
3404
-596
-4149
-1155
-6670
811
4487
-3200
3700
7040
-2456
-6386
1081
-1921
3775
-7529
3482
-3121
7444
-4819
32
8360
-6150
-5267
-9238
2245
-8767
7505
9848
-8015
8666
2828
-7273
-5172
3043
-4159
-7736
7712
1627
3908
2814
-5460
7582
4833
-8827
1825
-9063
5316
-8463
-8306
-219
5452
4042
-4095
-934
-7654
-6476
2759
2090
3904
-2406
-4206
740
6478
-5376
9304
7202
4153
4490
5431
-6250
4917
-89
-431
-3598
3538
1805
-5170
-7663
-1654
-5982
-4892
2253
-7355
6128
4159
7590
-9742
9316
-7639
6711
8977
5287
6660
-9811
1743
-5130
-8648
1002
8798
3255
-392
-8298
-6250
1675
-9026
9151
-4310
7301
-4286
5992
-1344
-1934
-6699
4197
8513
5514
3811
9844
-2057
3971
1062
-5922
1521
-7668
8530
4640
-6693
8751
-557
-2392
2219
-2778
6838
9161
4941
2735
6212
-9119
8291
-1921
-3385
7672
-6243
-24
-8653
-9083
641
6637
6330
-283
3465
-2129
2712
-5735
-7043
2881
-807
3656
-1486
-4305
-4359
-1664
4574
-2529
-9013
-8963
7485
4653
-2858
4960
6338
-5283
3051
8290
6789
3303
4119
-109
4041
-3830
-8945
-5969
-4384
-9163
-833
5522
-439
3097
905
3959
-1773
-5880
1814
4003
-2279
5448
-9776
-6317
3820
617
-2805
-925
5662
-3908
-2400
-7759
7344
5444
6053
-866
2072
-1598
-2831
6673
-3504
-301
-32
8230
6452
-7374
7388
2263
8530
-9681
-2994
167
2264
-2462
-216
2611
-7251
6490
-2361
-1141
-3058
2036
-9094
3335
-8244
5212
-4718
7027
6051
-4899
9014
-9070
1119
9525
1425
-3382
8147
-4956
6562
-4936
-3422
-5510
-8861
132
7
7877
-2423
9539
-9742
8748
8675
-9866
-785
-1735
7572
-1490
-297
-7035
-4796
3156
1048
1493
8642
1210
1443
-7508
-6668
-1664
9790
-8058
-417
-5166
-6880
-6717
6723
2298
-4207
18
-7544
8659
-1774
-1232
9285
-414
5065
601
-4652
-7531
4857
-3537
-9786
4190
-1711
-262
-9805
3109
3421
4206
-435
4195
2030
4540
-346
-6828
-3491
9460
4881
-3099
7114
-2553
-1806
-5584
2655
586
-8311
9635
-5054
-4141
-9606
8238
-6119
4695
-327
-3428
-4303
-2782
-1945
262
-6671
4240
-570
-8734
-5833
2849
-8919
2854
-6659
5955
-2792
-4943
-683
8285
9582
3883
5238
-6528
-1340
-465
-4172
-9347
-1404
-4263
1112
-2841
4821
-7671
7125
8159
-4377
-2666
7842
-4287
4331
-8852
-4721
214
-3180
2494
-9676
-8348
8764
241
-357
9093
4873
-7064
-547
8375
-7613
-2256
-19
5903
6863
708
-6762
9507
121
4396
1793
5643
6497
-3835
9236
-7119
-4822
-7321
-6051
4619
8102
4039
5717
4957
-9290
2383
91
2344
-5445
-1620
9579
5521
7225
-3978
-1740
-3679
8930
2499
6451
-1942
-8166
-521
-330
-6028
-7654
-1036
-7940
-1485
-1692
-6294
-4110
7095
-6313
-3638
-3404
-4009
2307
2871
5438
-7333
4738
1905
1242
2370
8741
-2084
-25
-310
6653
9975
-9669
-6228
157
8132
3311
9376
-3678
-1438
-9691
-2412
8101
1810
-1393
7634
9629
-4008
-9713
4685
6501
-6730
-1616
-4294
8091
6228
-4769
2353
-3822
-5273
4061
7862
-4574
7625
-7073
-2918
-7277
-8418
2329
-865
8589
-1004
2003
-4287
6874
6451
1848
-1105
7452
-1286
1875
-6084
-5373
-8933
7494
-6902
-1388
-5928
4108
-1610
9329
9304
56
2455
378
4240
4195
-6967
7585
-8530
9872
-351
8986
4367
-8118
-9357
-8574
-6432
-1232
5696
-835
3078
-543
1518
-99
-1072
-2947
2304
-9388
7635
7169
4366
-7592
-8482
-3397
4454
-1218
-8691
4104
1473
-7228
6624
2311
8630
8794
3834
-9311
714
4311
5306
3761
-813
3398
-4415
8908
-9918
5549
-430
8697
9454
6327
-9153
-5712
-2612
-3928
2926
-2471
-8359
-4839
-7750
3596
195
3684
-5826
-2045
-8463
-9626
8258
6835
1977
6285
5042
7148
-1889
-9469
6188
3545
107
-3053
2862
-9299
-6095
275
-1608
5788
7068
5556
2261
6545
-9845
-9911
1946
8624
3503
4918
7585
2952
311
-5049
7056
-5315
3728
-7705
-7170
9891
-8756
-5838
2494
-8426
8705
3921
5255
319
-4725
7255
5664
4733
-4195
-127
-9030
-9868
-8575
2591
590
3866
-3294
2753
6729
3385
-11
5512
396
9234
-2713
8550
4928
-3156
4889
-3228
-2915
-820
7608
-8240
-5738
4853
8872
-6366
-7942
392
126
-1915
4750
-879
-1874
4078
6221
-3060
3998
-6649
8589
5523
6939
-9655
6090
1706
-9030
-795
-5256
1298
795
7520
9371
-482
6662
922
-5935
-9471
-9027
6467
6370
1125
-1273
2296
5005
-561
-6616
-6846
-7040
-6647
-9258
411
-1713
8132
-3764
9789
397
-82
-2479
-3419
-7885
-7813
653
-6319
895
3303
-4706
-2350
-6204
-5701
5716
8078
-4434
-5280
5970
9249
359
-9814
-4356
-2643
8785
390
-8031
-9103
8456
3443
-9950
-6173
6653
8320
6608
5853
-7701
-6990
9115
-9432
-9270
-9124
5384
16
-1178
9241
-2551
9245
-7178
-6404
-3270
727
-809
1079
9011
1361
-1399
-8368
-2012
5801
-6675
-6122
-6607
-1412
7803
712
4608
5526
-474
4044
-9339
8941
4716
5874
-2507
6497
6471
-4191
-3058
-4950
-6089
-9836
-2562
3958
9205
-9340
7464
-9632
-5770
-4606
4822
2425
-602
-3638
-8747
7130
4926
-8125
6167
4455
8636
9357
9489
1310
-1244
3033
-6246
-8190
-1543
8364
-8552
3644
-7324
-9398
-4731
-5361
-3540
-6078
-1619
-4959
6866
5502
-2544
6888
1633
-8357
3289
-3016
-1506
543
785
2237
-2693
-2641
7248
9068
-1373
3574
-7113
7775
1198
-8464
9759
10
-2352
5668
-6292
-9629
-3258
-9243
9785
-6576
7378
2909
992
-4219
3895
-2366
-419
-3374
6099
164
4301
6219
-5422
5185
5935
-7730
-812
7022
7267
-3398
-7859
3722
-3305
-6913
-4175
-5809
1025
2029
4696
9270
-1960
-9313
7061
-3308
6921
8557
7703
-6853
-5063
71
2767
4224
-7472
-6153
5800
-3767
7710
-6332
1824
540
-6433
-783
-3021
-6742
-2007
3338
-3876
7168
7708
-3970
2204
-1772
4083
3867
-5805
9391
-3089
-7573
9243
-5246
-8015
9994
-6655
2042
639
4066
-5762
-3022
-6399
-3967
7366
2192
-8237
-9083
-7505
-3539
-8925
-4345
-6860
6738
6245
2686
829
121
1079
4303
-6829
1458
-3088
5006
-1875
1743
-4993
1616
-9516
-1014
5056
3783
-9298
-1250
-3668
-3458
1942
-3165
3567
-1852
6031
-7468
-7753
-7884
7905
1260
-9975
-6119
6526
3591
9935
-1577
-2995
-4036
7522
-5838
7976
8600
4675
6622
1073
-9319
137
7554
581
-6621
308
-3374
-8388
5919
-5095
8454
-7740
1213
5140
2851
-8442
9642
-7357
8396
1133
-6066
-342
1112
463
6024
371
-5792
8068
-6355
7319
-673
-6151
5283
-8706
4936
-4520
3638
7313
6827
-1729
-2853
-6941
-3007
-7244
2031
5104
2756
5902
-8440
4206
-5676
-9668
-4658
1201
2431
5373
-9132
2722
5431
-4579
-7682
-3952
1165
1723
-8494
-5480
4217
4757
4316
2465
-7135
-6045
9942
-4917
6304
-5535
-1736
-2893
3680
-5912
5905
2797
8441
7072
-904
3724
7672
-6174
6376
-3609
8155
6909
9475
-4114
3696
6350
7701
2073
8187
3751
-8219
8662
8063
-8026
3838
7704
-9006
-1815
5707
-3208
795
-5355
-1977
-6088
-9556
9245
1525
1637
-872
3847
2704
7289
-5410
-4787
-4898
3489
-960
830
-7069
-9477
7906
-1473
-1546
5245
339
-9252
540
7959
-3172
-2889
-5136
-6901
-8768
5484
-6364
-3308
3384
497
-9691
4578
91
-6901
3160
5672
-2482
1283
9579
3688
-3833
-7094
2970
-777
1280
9668
-3950
-6334
-2282
-1441
7695
-6417
9713
2579
7742
8591
1826
-43
7929
-3067
3209
1741
1197
-5898
-408
4366
9494
-2850
8597
-6994
1998
-1506
900
-8878
1744
-6722
-7019
-7278
6176
5361
-4354
-9600
1396
-9872
190
1761
-2036
-3494
-6399
1901
3663
-9452
-8410
-7796
-969
-7836
1160
-2021
-257
332
3474
-9445
5048
2717
3366
-2443
-3172
6282
9258
5053
-8895
8656
-8248
6149
-1312
2720
-6643
-4430
-6076
-234
-498
9342
-3956
-7257
3317
6669
-8172
-6645
2805
-554
1301
537
-8119
5806
-5374
6990
1557
7736
4495
6941
-1398
5866
8910
-4381
6776
7745
545
3637
279
-8424
-2492
5138
-6235
1344
-6068
-7514
3800
-5268
-5760
7842
2902
-1931
8608
-2997
4572
1512
9936
9541
2681
2788
-4158
-6161
5576
-3375
-9477
-7601
393
-7160
-129
-8270
-1825
7660
6872
-609
8576
6937
1651
-1965
1972
-4523
-1785
-1396
-4750
3504
-4436
9009
-7342
1498
845
-8391
-6692
-1611
-9029
-590
257
-6518
9156
1492
-6585
5870
-4571
-3453
-64
3131
-682
4341
-3509
-3287
-9511
-1286
-9725
4833
-8843
1438
-7664
-1545
7401
-4417
-5362
8210
2822
-8893
-5890
-3990
-2231
-8670
-4081
425
-1076
-603
5544
-348
1779
7764
1614
-9760
-9005
9603
-7663
2201
-3471
-6111
-3979
-1250
-4640
8981
1159
976
4619
-8487
-6127
2691
-1473
-2950
-7906
510
501
-3791
-7526
128
-1855
807
8505
633
-3699
-1157
-7498
2105
-2194
7186
8459
5630
-3888
2104
-7657
-1501
-2951
4171
-650
-6062
9997
8820
-7178
6195
-5998
-3201
-8810
-1164
7854
9196
-8462
6699
5282
1407
8581
-2222
1816
-1925
-5446
-506
-271
5151
8688
-809
7493
9294
8660
-5650
4082
-9216
-1985
-4837
-8571
-9198
-2967
-4207
2055
-6099
-2254
-4643
8424
9238
1296
8191
-2542
-2412
-1038
3294
3874
4270
7119
322
2705
1391
4322
-5121
184
-9596
3971
1073
-1860
-4781
2656
5648
9320
6963
-1893
5030
-4459
-100
4721
908
9332
-5787
1181
3707
4509
-7795
-3545
-1140
-9092
-8152
-990
1839
-9088
3370
4435
-9586
599
939
-9238
2559
-6810
-2523
7126
-4834
7280
-6921
1087
8850
-7443
-5785
-7873
-3653
3209
1335
-1240
-1679
-5868
-1008
6374
4987
-4943
-6579
6825
7000
3172
-8881
-5685
9347
9611
-2486
-1387
7994
2740
5076
-5061
6515
-7402
-642
-5932
7733
253
6568
-9020
-1432
1949
546
-977
2488
7218
-5530
-1071
-7625
-1853
-8830
-2829
-1178
-7197
8126
-9802
-6425
742
-2206
-5318
-8980
-9822
-6148
5606
-6650
9450
6198
1592
-8025
2261
-1512
-3049
3178
-5620
5092
2803
2719
6591
6942
-8208
-2084
-327
-8144
-9040
6984
8098
-2742
-1066
5369
-7935
-8530
4486
6335
-213
6059
3748
-2922
-5796
1460
5825
730
-3457
-7413
985
6961
1391
3318
-4794
-3118
-9812
-6043
-1521
-6190
-6728
-5820
8752
5337
-3383
6870
-4212
5220
1715
242
8569
-4140
-7925
-2121
4528
-7323
3922
-3188
-8185
4588
-4477
3960
-8252
2179
6344
-445
4226
-7226
8111
-8165
-6339
191
8201
8345
101
3881
650
-9882
-6763
9085
3843
7
640
3329
7617
4955
7869
-3508
-4919
-6075
5797
-3684
5390
-9335
3686
9425
-180
4034
405
-8188
846
-2349
535
9463
1120
9113
-6394
6618
3765
4576
-898
-215
-9064
-929
7257
4634
-7511
-9586
7813
2450
5992
-2331
-7826
-3868
1022
-3600
2265
7343
907
9559
8260
9178
-1981
-7291
-4316
3596
5790
-4268
7142
-6894
-7703
-3272
-2647
9335
-8402
6573
6175
-1265
8202
5333
1452
-1029
9403
-5618
-3112
4494
-5938
-1258
7708
3218
933
843
-2455
-4340
-9492
4985
-1099
4250
5308
-4740
8543
-8808
-5629
-9081
-6561
-8467
2171
-4655
-8779
-723
-9675
-2564
6305
-4494
-4546
945
-1683
-9070
4160
-1334
2239
4742
4687
5508
-9109
-109
2417
-5386
-4217
7607
833
-1164
8541
-6214
4165
-13
1084
7856
-1027
1459
-1576
-2275
9978
9803
-8848
584
7467
7894
1960
4115
4808
475
826
-1494
-3279
7533
-7792
-5250
-9017
-8977
284
7937
-660
8419
1232
6321
-4700
-6571
-8652
-9269
3653
6641
9290
-2627
1842
-8704
6029
-99
-3505
4787
5084
-6460
2335
-5889
-6453
-2491
-3594
-8326
-3721
-124
-2490
-6077
9616
-4139
-7630
-1034
-2049
-4818
189
5848
-9054
5069
4657
-601
8459
837
-2807
-2733
-3005
-9661
4674
7100
-1808
-5311
-8629
7996
-7105
3939
-6252
5652
-527
9431
-9784
-5607
-4373
5241
8533
-9634
8905
-6300
1890
-4409
2705
-5584
8881
4018
-5230
-8506
-4751
456
-5087
5011
5977
2050
3897
-6308
2927
-6060
6423
5327
23
8503
-1471
9035
-1398
954
-743
6219
-9863
6286
536
8818
5959
6485
-9581
-4939
2725
8438
-4342
888
-4091
7950
-7611
3958
4229
-4018
4330
301
-8759
4489
-8940
-6443
4062
2003
7933
-4391
8967
-6472
7627
-3810
7543
2213
-8258
1803
-4759
-677
9805
-5295
-8774
7954
-9157
-7993
-3059
6279
1054
636
9780
-6004
-6569
-2402
487
-7360
5779
8777
-6569
-8155
-9295
5457
1924
-9366
2767
9088
-6650
-3869
8741
2099
1324
-8213
-1599
1498
6827
9985
380
-6532
6910
2987
-5015
406
-7230
-248
-2471
-8335
-5249
-314
443
7560
5229
-203
-2574
-8807
-5564
-7677
7007
6679
2407
4848
4631
6136
54
1244
-5841
-1390
-6608
2533
9268
738
5434
9938
-1718
-3188
4530
-8829
-2947
5187
2695
-8877
-2722
4444
9391
3834
-5419
4329
-2864
-5967
-9619
2910
9855
-6692
9567
-4916
-8365
-4031
8658
7279
-8915
8251
-4093
-192
2656
8333
8663
1072
424
-2664
-3703
-4975
-1598
-6181
-8660
-1183
-2319
4798
3723
2245
-9425
-5918
8526
5742
-9623
-4250
-8927
-3751
9263
-5995
235
-542
7670
-4650
8689
-5705
9300
-6961
6896
9687
4746
-2415
7177
5882
-2421
-5885
8460
-2969
-8111
1152
4841
-2426
-6276
1798
2316
-6859
-9066
-6413
-801
9835
-1469
-9498
2932
335
-6598
-6007
227
4358
-8012
4185
-2286
-1367
9569
6737
8677
4131
-2107
-2358
80
-4655
404
6277
1007
-505
8302
-704
-9651
-1619
-4651
1117
8055
8710
457
-5847
5273
8019
-2052
1348
-8369
9565
-8197
-7974
2996
-6843
2333
-4901
-3192
1662
5739
-9400
-1950
6083
-7253
-2987
-3051
-4290
9072
5687
-9039
3629
1023
8175
4700
-7570
-743
1531
-1762
-6292
-9521
2827
-1008
4459
-7730
-6247
-9803
-4357
-1957
8957
7493
723
-6888
-6412
2950
-1453
-8513
-6071
-642
-882
7236
272
4396
7733
7944
-9731
-9920
-3222
3188
5877
524
-4930
-8243
1785
-4536
-2487
2848
5202
9380
3363
-600
772
-6305
7581
-6189
-6033
1516
-7060
-5246
-8124
-1913
-3242
5831
2248
6377
4950
9748
-810
-5700
-2522
-7709
-1074
-3489
-8146
1595
-7168
-6109
-6061
814
-6120
-4843
-2707
6775
5357
7659
-6753
4375
-9640
9585
5092
9482
8712
5587
9223
792
-4789
1275
9295
927
-4931
8059
-5354
7560
5741
1374
-9835
4220
-2980
620
-3020
-6088
-3478
-1121
-5645
9061
-8265
3305
6615
-4427
9910
2736
-1728
-716
1539
-8812
-9767
9322
9215
8740
910
9056
-276
2121
6069
-8073
-9710
-7641
9203
5922
-1984
-1703
-581
-4682
-9589
-1408
6142
5361
903
-6441
7617
-2280
-9066
-1973
4853
3725
5705
964
-9960
-2573
-9068
-631
-6229
-5674
-5269
-1919
-6766
4868
-3270
2682
-4320
9371
9211
-6776
5171
-3714
8564
7717
-8651
-520
2872
8159
-6352
6331
4852
5862
-6093
4109
-3274
-7563
7662
-5907
-1077
7412
-2042
4978
9212
-6641
-1756
-5068
-6578
5384
-3755
-5758
-5331
-4504
1716
-5513
-8928
-4150
5490
2509
-9248
-3959
-4861
-1916
-159
9998
3974
-3351
-9146
9659
-531
9354
-2872
-9250
-698
1389
-4052
6727
2755
-9432
3680
-3565
1492
5633
-9967
-3681
-1945
7113
-362
820
2783
9890
7692
-8268
-4964
6390
-7915
5026
-7308
1594
4980
-3825
2050
-1457
6141
-1901
-6846
7608
-7329
2350
7902
6980
-3527
6473
-8843
-6361
-8761
1340
5639
6829
-7654
5792
-3976
9814
5108
1981
9823
-8178
7654
-641
1262
6743
-3453
-7330
9520
8597
8744
9462
-9186
6711
-4180
240
6958
48
-1945
-8283
-4468
9583
7323
-2635
3599
2471
-9187
9047
2945
-218
-2345
-4391
-8250
-9366
4145
4016
-7376
7051
-9570
-3712
6413
-2647
4917
7444
5927
1800
-551
-3400
50
-2738
1233
-4783
1503
-1522
-3856
-6642
5856
-6669
-8607
-1032
-5354
-7353
6114
-394
-5273
1610
-449
-7756
-7521
5715
-2812
-2712
-4971
-590
-8116
-7656
-1939
-5041
8236
-712
5295
4662
4557
3447
917
775
-5531
9736
9780
8002
-3067
3884
7511
-2140
7653
-3068
3066
-9127
-6993
-8789
-1939
-3
-8921
-4372
8038
1569
8606
6303
6988
-7276
-1097
9682
-4207
3418
-5383
9355
9575
-9620
-3918
-4680
-4021
-8907
9836
8959
5466
-1764
8211
-5760
-6266
-7325
6641
5849
-9514
1328
8639
-8212
6523
9527
-8041
-6539
1395
-611
-547
2344
4482
-7806
-780
-5731
-4638
-3557
-255
-2106
-9077
4730
-9665
2890
2679
-1341
9011
-8310
2442
-8546
3928
-796
6413
-2675
-380
-2364
-6280
7063
2599
-1259
5368
9405
4662
1893
6491
3644
-7171
-2158
5822
-9539
-1869
-4175
6088
9254
-8273
-4227
3849
-7666
7669
-8108
8807
6617
-7519
5008
473
-9525
1701
-5161
-3926
-207
1944
8551
6768
5375
9261
-3739
-5274
194
-8485
2834
-9725
-4775
5044
-6522
1967
3610
-9782
2023
6607
9455
-2240
-7568
1275
-97
5159
-2961
-2353
7847
5934
-509
6720
-8283
-8036
9842
-8936
-890
1641
-3995
7438
5507
2993
8241
-416
4183
-4414
-1372
5284
4644
7066
-7488
-3724
6961
-7173
-7111
6369
-9236
6593
2570
5613
9068
897
-2183
-4909
7953
-4614
8869
-5715
-319
2833
-5276
345
7480
5347
4515
8472
-7721
-939
-2022
-9972
-9121
-1460
-9765
3479
-9321
-975
-2110
1963
8523
7820
8438
-2035
6663
3983
-7517
-2239
227
6661
6173
-7608
5166
-2609
-7916
429
-1440
-2171
1619
-8876
1712
-4658
-2635
5467
7728
1599
-3055
5020
8608
2061
-5975
3382
9764
-6286
7716
-1598
-6983
1345
-9697
-3375
-1241
1850
6677
-537
-3572
-5724
-1632
-3514
-6424
-1874
-2781
4491
-5867
5198
5750
4884
518
5456
1323
488
3995
2565
-4658
-9682
-2715
3159
-8743
-3512
7170
-1802
-3216
7958
-1177
4566
-7765
-2542
4068
-8268
-7192
-679
6098
-6784
9753
7176
-2179
-1398
3798
2096
3211
-9890
7313
7646
-5174
-9649
2299
6957
-9183
-7849
-1576
-3149
-9773
-4745
3335
-9180
7089
7878
-301
-5379
2556
5639
-1492
8866
2391
760
-4370
5892
3500
-6573
-5267
-1737
-7675
-4845
9778
-3039
1880
-8198
3094
5986
-4934
-6768
-5453
-1182
4069
-810
8882
-8143
9853
-3799
-2289
-2321
-988
-2067
-6258
-1505
-5612
656
-5961
-9981
-9954
-247
9271
-8955
9436
-2157
-3676
9678
6006
-7135
8255
2068
5160
-1622
-3300
-2842
2892
2450
2408
6430
9736
-1097
458
2858
7659
5786
-6633
-4772
5626
6855
3268
382
4235
6069
-2082
20
-6798
7384
6946
2234
4661
-8759
633
-3178
-6739
3479
-6791
9221
-5982
-2004
3250
2177
1211
8466
-4175
5527
-4287
-7281
-636
-6966
5707
-9348
7397
1427
1307
-9616
-5712
124
-1029
-2804
1566
-8301
-9051
-4576
-8391
849
8088
3092
-1926
7797
9363
-9263
-7098
7202
3660
-7492
5857
5227
-731
9305
-1502
6436
7266
3739
9844
-4180
6678
3160
-5749
5682
-8327
-8346
2450
3270
-5371
6873
8788
5738
7948
3680
421
3434
5109
1329
648
8325
-9110
-6204
2041
1978
6927
-470
-7704
6486
9814
-2598
-2865
9985
-7187
-6440
1332
6326
3091
-4985
1643
3515
6501
8626
-2340
-7171
4064
-9726
4326
-6296
-534
3121
-6336
-7939
-887
2046
-6612
-3574
9684
-4251
-974
5862
-1327
-143
5468
-8144
8704
-5044
-8895
4451
-116
8561
-6948
-2830
-7150
621
-299
-4318
6633
2267
-5677
4003
4842
-4891
4700
-1863
-7875
3609
-4668
3284
-9208
-1451
-3362
-8443
-5655
3990
4941
-8524
-7020
-6422
-3416
6539
7201
8077
-744
4775
7702
-1984
2991
-838
1376
5599
458
4232
-9451
2429
-8907
-1042
4545
-9161
-2387
808
264
-9498
-6169
-9426
908
1533
2119
-8342
6291
8382
-6615
4822
-695
-3685
-3687
5403
1701
-5274
-1902
8003
-58
7249
2842
-7167
-9812
9092
7346
1196
3047
1865
2
5857
-3023
-8923
8262
-2206
5299
-1609
8255
5214
3348
-1748
-8712
-1718
2975
5332
1360
4832
1234
650
8317
-1844
-1702
7547
-8534
6546
9578
459
2967
5055
-9022
2962
-3232
-5690
3438
5702
9820
-4936
-7222
-9178
839
-1929
7982
7507
-3023
8542
6953
-1822
6692
9012
7064
6814
7900
-2894
3651
6478
-1527
4453
-5614
8216
9893
-6347
-7710
-485
-1725
9720
6634
5128
8073
-5295
7925
-2609
-2173
-7330
3806
612
-5175
3616
-1515
-436
-7488
4009
-8385
9217
6329
-9334
6852
-9209
-2346
931
-6651
-6728
8095
8977
-9010
-2610
7603
2456
1489
-8354
-5753
-2547
-3395
9726
-1490
5715
3841
3729
-5304
-8965
-5934
-7798
7617
-1633
-7419
9752
3617
4210
-5522
8043
3658
3287
1784
-7937
756
7962
6109
-2367
-7318
-6562
9835
-933
4359
5476
4712
5960
3018
-6566
3001
-770
-3432
-404
3431
9771
-8834
6124
-3073
-7609
2777
3646
-8172
7099
-4992
1796
430
6451
-1213
-1547
-5779
6160
-9812
5249
9045
9596
-4579
-9196
736
-2665
-4109
7712
-2551
-9306
382
7909
7629
891
-6209
1979
624
-488
1446
8533
-4458
-9405
6807
5666
8905
6005
-1679
-3196
367
9014
-5594
-5095
9568
-5653
7027
1441
5944
4553
-8721
7500
2703
4309
3864
-3505
-3205
3405
-9649
5558
-4573
2445
-6324
685
-1367
6037
2468
1510
5978
-5984
8949
-2949
2714
-5958
-4212
1335
-5334
6794
-9884
4751
-8682
-2998
2879
6317
7465
-9594
-4456
7749
-2123
-329
-7377
-5680
-575
-8982
4185
1831
3918
5758
9077
-8163
4874
-3291
-8717
2227
320
3866
8372
5792
-6975
-7489
-3319
1139
9912
-608
-7411
2284
-4713
509
2806
6514
5148
-9964
4502
2654
-9075
-6321
-685
1511
-8599
-3079
8728
-8209
-4498
-6616
9039
-5804
3066
-4486
603
-1263
-8331
5389
-2285
3727
-6646
-7474
7696
-6320
-4786
-2930
4430
3056
-7967
-2550
3960
1738
5415
-9667
9335
9681
5730
-984
22
-810
-7623
-2645
-8820
-8546
-4762
-1727
-6078
3220
-388
-6686
-8109
-7801
-4016
2102
200
9377
-4009
5129
-9515
-3504
6449
7836
890
2704
3
1085
-7946
-8000
2306
-9633
1359
-2009
1063
-2531
-286
3748
-7224
2274
-8752
239
-5044
-242
2660
-7661
2739
8793
-8053
-7739
4322
-9602
713
-7283
-8697
-9574
495
3892
-34
9993
-7731
1296
6009
-6693
3973
8580
-20
6265
-6020
-9455
1264
-8347
1058
3422
-4548
1591
-59
-9945
-4299
-6238
-822
142
-7361
3578
9989
919
-2728
-6190
9917
4003
-4174
-1280
-4296
8125
-5935
5276
9945
-9883
-6615
-7842
-7806
9535
-5711
-3410
7994
-6804
-7620
-1110
5574
-9395
1642
-9142
2462
-5725
-1066
-8392
8283
-1039
-5015
9635
-7694
5322
8767
-1193
-627
5667
235
8450
-8154
5435
878
-4396
3635
7424
8029
-373
8301
6311
-144
1472
-1866
6769
5820
-3679
5741
-2988
743
9552
333
6984
-2967
5361
2371
-7043
5023
3468
5615
3741
-9932
-3128
-2812
8479
5367
-8140
-4458
-9652
4417
-5903
-3664
-1729
-1592
-2299
8771
6932
4755
-7887
-5379
8871
-8647
-1312
9688
-7925
-8942
3569
-5508
-911
-1490
-7194
1141
6415
7518
-4215
1310
2735
-6403
87
-7806
-3947
2731
6388
6237
-74
-4393
5843
4946
-3048
9907
-8475
-5832
9311
-4217
1295
-6355
6712
-3148
9326
-5888
7930
-7639
2123
-2006
7902
-4763
-7900
2302
4082
8652
-8259
-3948
338
-3297
-7885
-525
2756
-7138
2156
4895
-5704
7679
268
858
-465
-1059
9643
3861
-2019
5307
7820
-6478
-936
659
-1658
-387
-7659
1348
-8693
443
9031
6977
4026
710
-4669
9690
-1767
-1205
-6684
-6544
9290
4142
2268
328
-441
-3435
7913
-6101
8963
4150
6717
-2495
2376
-3247
1689
-8596
-2207
9180
577
2491
8881
-1844
3269
2127
3054
2888
-8510
-6091
707
7482
-816
-3682
225
-7567
-4307
5173
5802
-5497
-3221
2725
419
23
2643
-3206
5747
7687
-261
-8575
-7633
-8073
6375
7594
-7433
-310
3275
5526
-6114
4936
5794
3220
2175
-1665
9244
-9574
7170
6649
3690
2129
-6832
-5104
7090
2497
-3810
7388
-5060
2633
2335
4083
-1602
19
-9977
532
8684
4196
-7279
-7268
-902
-9446
-3994
3286
-8168
-519
7369
-783
-8797
9535
8394
-9840
7181
4439
-4309
5959
7809
-145
6174
5000
-1843
7607
-4352
5512
-9309
8806
-4133
9207
9922
9066
-2737
-5231
4824
-2904
-2309
-1601
-4394
581
5822
-6117
-2170
-80
-160
-853
-5533
159
7799
2112
4325
-5039
-9979
-526
-3939
-8297
1940
7081
-4419
62
6819
9983
-4950
887
-4473
-926
-6599
-6191
4900
3284
-8242
-7917
-3733
3310
-3291
-8401
-2415
-8947
9547
7538
6857
2410
2260
-887
-1842
-4172
7490
4353
9994
-7338
1419
-1883
-4549
-2129
5418
7655
8315
2362
3631
5558
-7419
-4358
-9387
-187
6039
-182
-8496
8446
-5335
6026
-9425
5577
-3747
5599
-1161
-3150
6871
-5008
7487
-2724
9548
-1364
5347
6013
-3239
7708
-7773
-9705
3489
5800
4750
4363
3459
8223
-6943
-8432
-5919
-2985
8615
-9630
3997
738
-3310
-4732
7002
2108
3189
7714
-9943
-7235
-819
3664
-4274
-8209
-7092
1560
4224
8154
6251
6629
-6498
-8260
-7665
-7649
8057
3334
-4229
-8873
7114
-9599
-2955
8686
9840
4516
8125
-4668
-8115
5069
1070
4397
4446
9508
4196
179
-7297
8065
4603
-3682
9530
-8923
-9311
6056
8906
5575
-3577
-2516
9270
-5546
-6893
-5038
6167
-6703
-6912
-8397
3015
-3656
3285
7508
-8671
-4468
-187
-8751
-9496
4927
2824
-1860
-5114
3745
-6193
-34
-4217
-1244
5163
9369
3040
-7772
6336
-1041
882
-9366
-446
-1093
-4135
2472
1948
-6573
8046
6030
-332
-8540
-6001
8251
9552
324
-3734
-3245
4259
2606
9531
7050
-4611
-5125
-4817
724
7244
1037
5551
-964
9683
-1662
-9809
-5786
9301
4992
4754
8562
-5946
-8735
-1184
-7667
4790
8147
-8794
9076
155
-9722
2339
315
9712
6737
-6128
6992
5478
5540
-9374
4219
-824
-7727
-1947
-9575
8326
-9208
-501
1343
7954
-5911
397
-4639
-5881
-8299
5263
5580
4038
8854
-5497
6004
6890
5790
-5967
-5543
-1103
-6497
8117
4218
-1975
-1875
-6569
4736
9178
7602
-1976
-125
6425
9587
5748
-9084
-4646
4098
5888
983
21
-8412
-1460
-1006
5597
3597
7421
6925
-3918
-2886
-6239
107
-3335
1555
5419
-2690
-246
-5529
-6422
-3056
4833
-6943
48
-9520
-7875
8379
9741
-2272
6319
3887
-2300
-4908
9361
8901
-1087
6555
-8252
8969
4003
3722
6824
8319
-3136
9631
-7419
4572
-9584
624
-7373
-7222
-2069
-9103
2846
5018
-3081
-58
-5704
5491
8752
7803
7011
-8723
-5883
-3159
-3780
6306
7868
-6945
5042
4121
7938
4611
4212
-7343
-6111
-6385
-7014
1061
2013
1158
221
-5870
-8475
4253
-6734
-4446
3339
7352
-2563
-9354
-659
7909
90
4495
-7985
-8290
9098
9451
7473
7169
-8248
7032
4193
219
9894
4204
-3117
9521
9250
-6970
5464
-6971
-5268
7683
6642
-8575
3344
5678
-5626
3193
2544
-3865
-5756
7375
-7281
1963
-1509
5304
-8766
-1127
4350
-5377
-8174
-654
1376
-5720
7023
4934
-4901
-9674
9387
-1379
9091
8503
-8671
8888
-8169
8042
-2845
4892
-3434
2646
-64
9562
770
-1607
-1661
5884
966
1386
-2155
-1510
6077
5795
2071
1787
8530
-8648
7392
-5778
-7391
-5806
-8028
-1777
-9054
-1692
61
-1345
-6190
7642
-3368
-4133
-1555
-6028
-5109
7312
-3005
-9321
9584
1965
5406
4382
6112
-99
-3414
-6951
-3777
2298
8999
2308
2607
5279
-1410
6597
-2580
2874
-3726
4731
-8812
-6430
-3914
689
-3346
3994
7882
-7417
4159
-4338
-5853
-5974
5573
-8901
-1786
-1960
-6646
6785
-1428
-1249
-1834
-1979
7514
-9759
-732
-9874
9211
-5282
-4793
-5902
-8736
-6464
2762
-5988
2201
3297
-972
-4470
2337
9644
-5692
9478
7115
8302
-9890
-6413
3791
-7538
1192
-2138
1383
7607
7149
-8289
1802
-7693
-4079
8577
-2236
-9014
8456
2383
-3182
4273
8776
-1582
-1297
-510
-9159
4677
7504
7194
7011
-7104
226
-8409
5879
-8694
8529
9411
277
-395
-2551
5466
4931
-9528
1453
8772
9524
-2823
6585
-6590
3110
7894
-3973
-5742
4835
-9131
8770
6795
-5419
9849
2376
-4815
-3544
4012
2204
4187
8372
-3739
-5513
1101
7859
6392
162
-7603
9907
7859
1618
2990
9441
2982
-7988
-1091
961
-8241
-6208
-8263
-4432
9277
-3616
-3433
1694
9035
-8351
313
-3431
5763
9679
-1650
2500
-4183
3950
-2349
-4186
-7818
-4548
6130
3208
-3816
102
3279
-5247
-8670
-5648
6188
7256
-7079
900
3138
4185
5753
1189
-527
6650
7419
479
976
-7830
-2992
1272
-7822
-8392
9360
7486
-8450
2879
-6876
-750
-6550
169
-7149
-8447
-4723
-3093
2880
-9290
-1400
-4721
-9769
-2188
2210
-7582
522
9437
3807
-8144
-3910
9156
4301
7629
-6766
-6929
-8774
7398
6680
1691
-1190
3379
-2159
-3723
9393
-8449
-653
7620
-8449
7909
-1276
6787
-7832
6207
9188
-715
-9838
-5840
188
8042
-363
-5024
-2426
9594
-3284
-6875
4809
4371
7903
7081
5882
6471
2046
7627
7316
-9815
-8894
-8
4288
-3288
-3004
4504
9222
5011
2190
8849
506
6198
-5942
9301
5113
3196
6885
-2276
1241
-7097
1238
-5527
1455
8222
8866
-1895
7220
7096
-7953
-8617
-7292
-2847
-3102
-5563
-4570
-8689
-2771
5738
-8265
-8484
6243
-1620
-1782
-3515
-5614
-9249
7942
-981
6667
-2947
883
-5512
9451
2278
-8626
-5745
8673
199
8597
-9104
5938
5600
3436
-9609
431
-6894
9318
-9096
-3966
3059
2302
-3911
4777
7648
5817
-2527
3897
3417
2741
-4629
8499
710
7740
-2002
2647
1823
-8270
1576
-7301
4434
-3813
5220
2953
-3881
4086
7098
-5961
-8813
-9838
7406
-7303
6394
6463
8305
7246
-6230
-6260
3924
-1976
-3855
1844
4840
7286
-7383
6331
7649
-5951
3534
-5573
9592
-2365
-4777
-6973
-7597
2836
8417
-561
-4405
-2653
-7611
-141
7201
-9544
-116
-6320
7139
8265
-8973
-6643
-2175
5609
983
-4447
9078
5789
623
1061
-8026
9574
6341
-4988
-314
1967
-9501
-4923
1335
-5292
-7706
-8868
4287
9914
-8931
4727
-651
8671
8394
8354
1704
3595
-3405
2159
-710
5420
8027
-46
5624
-3898
6323
-6035
-7713
-711
-8284
-3159
-2688
9372
-1159
7123
4234
4207
-8660
5250
4126
-1983
-5874
266
-366
6078
1356
134
4033
-8566
-371
9093
-5783
6580
-7987
-3601
-7236
6503
-2531
-4223
5600
9349
-4129
8637
-5112
-9062
5365
2491
-6545
-2053
-3347
9285
3346
4378
8308
-9198
-1677
-668
-9384
-5605
-6092
3689
3937
3588
-3193
3734
2054
-2705
7462
-2526
7804
-3817
2213
-1306
8046
-514
-8458
293
-2277
8340
-5935
3281
4616
4311
209
-5428
3108
7549
-1661
2807
8687
-7232
-9358
-281
-459
3506
6551
3165
-3448
9079
-5018
-7879
4326
-6473
1362
3024
7697
8502
2976
5819
-7038
-5945
6811
-1598
1831
8549
1063
3041
-5820
-6995
9861
-453
6564
2752
3102
1681
5850
-7002
1172
-9245
8568
7647
2471
8373
-150
-6886
6460
6642
-9971
4634
6853
7901
6855
-2867
-2313
8820
8116
9468
-1406
5475
-4639
1023
1041
-4489
6011
2066
9662
8790
6567
-7021
2696
6255
2982
-1864
255
-7689
5907
-9128
4818
1811
-6002
3962
-8553
5347
8521
1051
-1753
-9919
2333
-7947
-1999
-5660
829
-3711
3437
3916
2321
1715
2956
5661
5642
5778
3999
2889
309
-9803
6213
-3683
-8613
-3878
-7617
4477
6036
-3488
1860
615
2523
265
2613
1119
-7651
649
5511
8894
-6227
-1993
-9134
5543
-6046
-1576
3089
-9184
-6488
-9210
8488
3796
-9554
-4195
-323
-314
2933
-7379
-3696
-9691
2826
927
9773
-5399
7969
9575
6367
-6928
6451
9394
6973
-1199
9171
-6907
4934
9541
-5877
-2133
-6026
-2491
-205
7312
4302
7181
937
5459
6374
2109
1978
9529
3633
-7508
-7452
-5739
1630
-332
9272
-7231
-9159
-2814
3345
-368
2044
-512
-2277
-9088
4703
-6450
4245
856
-3462
476
5083
-2880
-4863
-4963
1315
-4303
3215
6714
5110
8327
-2236
3103
-5642
1266
4434
3233
-8370
7833
8010
6326
1431
-9088
3688
743
8684
-7369
-2240
4756
-1944
201
2804
3006
316
-1694
-843
-1716
-2087
8051
-1300
4455
-2969
1948
-4495
3163
4842
1973
7483
4507
-9882
3611
3659
-8376
-6383
-7644
9132
-6690
4182
-5665
-8495
9169
7681
3833
-7020
-416
461
-1029
-7954
4522
3588
5008
-542
424
-7058
3752
6842
-4864
-1015
-2448
7206
9728
-4194
1223
-311
-3391
7713
8691
6773
-5159
-7545
7807
-4589
3599
1935
-946
6754
7312
2450
9218
-5499
2326
-9605
174
8661
-3860
4597
-3494
-8841
2993
-4411
3704
4313
-4835
-6646
4783
1508
-6780
7980
-9944
-5166
-2075
-6751
-8553
-3765
-7451
892
7156
5287
-8807
7592
5923
-5502
-5481
5771
-629
-6193
8410
8133
-5385
13
-356
9731
-6950
7608
1061
-8960
-5492
-1833
8699
-659
135
-4840
-6307
-1506
6177
-8620
-8841
-5086
8632
4140
-1063
3493
5062
3697
3000
2266
5407
5352
-1864
3820
-4459
478
-4986
4604
1771
-7484
4206
9968
-6035
1862
9562
980
4614
2712
-4907
5427
4525
7205
7690
-407
-9357
-3048
-6733
-535
5818
5452
-1036
4987
-6030
-9875
7678
-8547
6217
-3489
4974
-1332
4487
-8595
-4776
2999
5361
-3607
-8783
7277
-7814
-8413
-8857
1062
-2644
-7176
2512
3468
6316
3508
2146
-8093
5264
6269
3124
8563
9755
-7815
4638
-4217
6499
256
6665
-5564
-6065
-4495
-1772
-3100
-1686
-1323
-2888
7904
4854
-2795
-980
1275
4447
1757
9461
-4814
3295
6449
9625
-7893
-8586
4183
4964
1457
9904
-1230
-3168
2517
1114
-3647
4029
-345
7058
4194
5334
9731
-6642
5967
7734
-4368
-6347
-6699
4218
-7846
4665
-6415
3537
-7787
4315
2400
269
-262
-2988
-3598
-1485
903
-6988
-1363
7215
-5129
-3392
918
-9473
-4961
-3247
-9490
-4308
7644
2766
-9663
-3648
-2510
-3666
8806
-232
7927
-3856
159
-141
-4440
-9360
7494
9722
-9975
5008
3471
54
-6124
7566
6020
1242
7376
-5660
-7056
-5015
7767
8140
-5146
2828
3555
-118
-7291
-1002
2722
-8128
-619
-70
-8737
-2759
-667
203
-6098
2742
-623
-3493
2119
4153
5872
-2289
-5596
1968
2600
9536
-5080
8366
-8652
-6762
-6011
2453
9075
4842
2019
-7219
2334
5201
7470
1687
-6168
5719
5099
1077
9860
4734
-3868
-8195
-9092
1490
-7827
6420
992
9060
-8997
9974
-375
251
7136
-7212
8668
4970
-1143
-1237
6524
6707
3608
-1697
-1129
-1892
-2874
7238
5722
5000
-7897
9427
7151
7099
9524
-2197
-6300
1417
-2817
2274
-9003
2189
6554
1207
3744
-6309
-2703
3021
2612
3629
-449
-9970
-4593
5151
-2966
-1148
4686
-3124
-9311
-2676
-6571
-1503
-3784
6383
-4276
-489
4027
471
-6404
-4788
7898
-3338
-654
5562
-339
-8485
-4551
-6247
4049
944
2928
-6782
-2581
-425
79
7394
1698
-6962
-7697
1050
9164
3840
9294
8190
2119
-4748
-7164
3675
9987
-461
6497
9554
8970
-7995
4215
4172
-4387
-5865
-5844
-2246
-6854
2312
1689
643
6521
-8081
6982
6560
2406
-2335
529
4239
5105
-1788
-8324
8759
-7796
-1168
-873
-5601
-5916
-2892
8416
1520
-2088
8191
-139
317
2047
6179
126
732
8721
-3943
-9341
3597
6042
2094
-8234
8333
3370
-7402
7889
8529
-6409
-7832
-4942
3426
9066
3539
9555
-2080
5605
177
-36
3749
-3951
9568
-595
719
-2565
-6329
1120
4703
-1313
7833
-1839
8338
7857
3650
3604
6587
-5273
8019
-6812
831
2441
-8599
-4228
9287
-4749
-4231
2393
659
9319
-3410
2157
2272
-7117
-2751
7037
3194
8088
-9795
1070
-383
-7674
4994
-4978
-5495
6135
-8922
5565
-3430
-9729
6938
-8697
635
-9844
5781
5716
-1373
133
3537
-9218
-6273
-4959
-8107
-454
3157
7882
4230
9890
-4492
-7421
-5480
-8858
9053
1418
7944
8737
5736
-8049
-2412
-159
-8693
-1950
-6342
-3956
1933
4241
7339
-5006
151
-259
-9470
-5766
3889
110
8308
-8163
6452
-6653
4299
-4648
8798
-7449
9225
-1824
-1481
7598
469
-5408
810
-5018
588
-2898
-1405
-1027
-6287
-6657
3151
-2005
-3736
-4959
-4431
-5301
8362
8132
-5262
-4576
-2234
2448
3045
-2747
5146
-6076
988
-2322
-8214
8054
-7410
6956
-9404
-4266
-3632
387
-4020
4486
-8575
-3837
8109
-3665
5911
-3989
-6051
1542
-7440
1824
-1223
7240
-1188
-288
275
9510
9224
7214
6494
-2448
8589
-193
6453
1281
-4994
3877
-3374
6104
-712
9372
-4163
7504
8101
-3083
-5013
6741
-5111
9143
5636
-3805
-2960
-6221
3134
5999
352
4225
-4702
-5384
-6118
-6683
-6030
3051
-3492
-7050
-1535
-4418
617
-4449
1029
3648
3759
5216
-9721
-6955
-4620
6762
7682
646
239
4590
-1065
-2017
-520
-3245
2050
-2351
-1244
10000
-3969
4838
4611
-7468
-4318
5886
-6072
3317
-3948
-3179
5325
6620
-4265
-1556
4124
2850
1791
1042
3983
-3955
-9771
9263
-8602
-6445
-4179
-892
-2412
-2353
6561
-4217
-2158
4090
9426
9910
-6355
8857
-6031
-1480
5512
7993
2556
-4594
725
690
8663
-9170
-361
5140
-8115
-341
-4223
4282
7576
-325
-997
7883
-4161
91
-2716
7288
4717
8950
2934
9255
8807
2129
2980
49
4751
-952
624
-113
3751
-7164
-6370
44
-5995
-7310
-9178
7712
3772
6400
5921
771
-392
236
7488
3263
5542
-4133
4580
8634
-573
-489
-6265
-6629
-8375
-2936
-7791
-7518
-4669
-5862
-1737
4082
-3975
-4785
-8736
-5422
-5870
-8901
-4435
5558
7888
-2017
4752
-1541
6025
-4634
-1198
9564
-7077
-5640
-1141
-3587
-8775
1310
619
7501
-8030
2319
-9247
3081
6722
-6123
2883
-565
3081
-8289
1710
3639
9032
-3431
-4649
4093
-2424
-2709
-2446
-9270
-6002
7073
-9714
2434
-9701
-8445
-6751
-3298
-5112
7165
895
8139
-7876
4813
4173
-4414
652
-2417
-6365
1784
-2187
4230
-8210
1836
-4085
666
7094
-2146
5997
1530
-9525
-8326
-2424
4086
-8846
-9675
-9557
4300
-2264
4452
-8303
-413
4618
3909
-4985
4609
-4029
7596
-2730
8069
-8850
-1045
7441
-3717
6413
5916
-5583
-6852
-9976
-1399
6619
-3566
-5957
-1355
9275
-5959
-9715
717
4106
-7243
8865
7934
323
-5254
988
6795
-2691
2172
-9130
-4038
-6766
2362
-3059
333
405
-2675
8480
-438
-3007
-2127
7022
-8502
-6922
7923
-2566
-3511
-8219
-9022
-1221
2999
-8085
-1198
1851
4763
-5026
6384
910
8872
5825
1488
9255
5571
-4691
-7806
233
3092
8640
-2981
9572
6486
-1122
-9630
5663
697
2326
4395
-7427
-6357
2792
2628
6952
-4350
-6446
6279
-2828
-7371
-1167
5367
1146
-4206
1293
9786
-7621
9694
6274
1809
4575
-7866
4803
-7545
3168
-9787
-6183
-3563
-8788
-4342
1381
1422
3249
-9366
2933
821
9370
-5872
9402
-9238
6835
1718
-4118
5711
-1834
-632
-9640
-2818
2306
-1365
5540
-6198
-2728
-9216
8935
-5865
-7940
2595
9126
9076
-5020
7189
7525
2167
-629
-8657
2672
-7801
5734
3198
-5311
-1681
5663
-6123
-6897
-5374
-7370
-6758
8746
-6254
-75
8454
-3524
7727
3154
7487
8685
-4752
-9777
-2327
-4858
8346
-3245
3625
7957
-1990
-1532
6954
-6481
-2592
-9922
-2354
-9060
-282
5678
7520
-914
2390
3777
142
-587
8389
-2986
4813
-7856
-1071
-982
7154
5376
9176
-7307
-3592
8791
-8606
201
173
8563
-1044
-2810
-3803
-8167
-8558
-902
-9792
-9840
7240
-6451
-7019
-1049
-6346
-9943
8934
4819
5679
226
-2945
1997
-7937
-5009
-5023
-852
283
-8336
4593
-4486
6228
4068
-2085
9648
9588
-4097
-7291
-2214
598
-9428
-1440
-9209
3988
-1544
-6859
3773
-6125
4736
721
7877
-7528
-6815
5511
-5592
4262
-3059
3924
-41
-1434
-6233
-5226
4835
7297
-6154
-2152
-3643
4434
3304
1790
4022
-6393
-8926
-8363
-9683
4011
297
2409
5793
9115
5910
-6871
-4480
-1971
-7067
26
-5967
655
-2129
-7927
6345
-763
-1583
-8253
8715
-7345
-6734
2054
-6037
-4712
9124
9492
-1687
6946
4928
-4179
-346
7969
1726
4878
7345
1726
-4560
-7253
-8032
3461
-3458
8719
3987
2027
6409
-6504
3880
-1753
3852
-4788
-4290
6814
6657
7350
-929
3278
-5409
1249
9638
9445
-214
-4219
4570
3737
5363
-1557
1249
1323
-8454
-7159
-8332
9754
-758
4151
9548
-9621
2478
-5500
2833
-4388
-8420
2341
-7931
8291
8555
-322
-611
6546
-1230
7214
9391
2556
5107
-287
-3443
-6175
-2604
6760
-5303
-1050
1081
-9195
6819
4865
-9330
1066
-7613
-5671
5051
-6374
-1320
6698
-1275
9907
-1398
2893
-1614
5389
-3980
-2182
-5191
-4458
5301
5182
621
-4776
3890
2413
-1930
-5813
2629
5962
6922
5462
-8721
1484
-1941
1794
2617
1440
-3326
1393
-6901
-8154
1286
-7974
582
5793
-5070
7672
8369
5479
-9697
1515
-2662
-3110
-3361
3072
-2244
4780
2274
-4078
4441
4805
-5459
-906
4328
-9586
5652
-1676
7070
-8659
4684
-2278
5967
9616
-164
1106
-8911
-4111
-515
8177
-3354
-5737
4473
7587
-5541
-1648
9006
2217
-704
9398
4647
-8803
6974
2803
8595
-5048
-7709
-4821
-6206
4216
-3661
5252
-5269
-5572
-7535
-4837
-4920
227
-7608
-5027
-3304
-8596
4833
9315
4191
-3328
2588
3842
6050
6363
7438
2503
2992
-3694
-2150
4580
-6060
-9420
-5780
-7950
9814
-3997
-1313
3309
3098
4658
-3753
-5289
-3490
-8630
-7601
-2756
-2204
1307
8329
9407
-5155
5343
-7790
-6991
7996
-7373
5144
5580
6948
-6311
465
9864
-8717
2191
-5595
-6662
7656
-5342
-5837
5070
-9392
7090
-1591
-191
2554
3439
9836
8839
3528
4127
2544
3828
3403
-2855
3120
-7026
-4674
-3706
8537
-4976
-8894
-4197
7978
-2260
4714
-7301
7171
-2992
8691
-4400
7249
-6294
7461
5898
-7363
-4681
814
-2945
-2984
2723
1370
-5348
-6778
5872
-2022
7020
-7977
2842
969
7023
-4191
5596
2534
5357
3231
-9125
4920
-8983
5793
4510
9499
-9028
-3197
-7860
8817
-2854
5849
8884
-9264
9765
641
-5817
8031
5288
-7573
-3220
9293
1276
-7059
3361
-7522
-4429
-209
-8006
-1618
-828
-226
5897
1117
4545
9651
-7074
-9275
-1732
1933
3276
8158
3474
248
-3848
-9671
-7154
-2892
4654
7608
-1683
-4176
9687
3550
8935
-4619
594
2841
91
913
-2925
7417
7469
-5934
-211
-5927
-3887
3053
-3494
360
-4821
-8249
5844
-7630
5595
-3903
-3761
-3904
5694
-3749
-7424
-6075
-6751
-4919
7464
9830
-3914
-6113
-2922
-3357
-7548
-4718
-909
9634
7302
9190
-1973
7179
-6725
-5291
6258
1414
9165
5944
8670
7379
1647
-4712
-6112
8161
4742
8275
-6499
-4253
7253
-5184
4424
3239
-2829
8173
325
-4011
7203
7236
-9782
-4917
1921
-4310
5419
7213
-7360
-7896
-2245
3642
4516
4298
4306
-7873
-9450
1514
800
-7809
9744
5456
5423
-8088
1218
560
1785
-7710
-8208
6839
-1907
-1976
3017
-9642
6385
-3772
-1640
-7858
-9451
-9245
-4046
-9568
8629
4086
-8163
9181
4194
-480
-472
9300
-2056
-9988
-6278
-4398
-2279
-7217
-4357
3719
-7194
-4392
-4754
-5171
4557
7682
-6800
-3091
4440
6899
491
-5916
3379
6439
-9279
-7709
-7154
9755
-6285
-8855
-2956
-3712
8754
4820
-3523
4102
9139
-2836
-4559
8702
9321
-209
-8096
-8081
-8921
9901
-9042
892
-1181
-4160
-8276
-73
-950
-6531
-2968
7832
2154
-521
-7326
7374
-5592
4271
-5171
-7892
-2450
6957
-4826
3970
2679
6973
-3160
-5569
6037
4631
160
-6829
8379
2775
-4052
3602
-8279
-2866
-6103
949
-6433
5501
-7112
3745
-2195
6077
4937
-6785
8485
3820
1649
-3797
8700
-4660
2369
8176
-9540
6693
6943
9339
2342
5987
-5824
-3158
-3126
7127
-7787
-7907
7506
-550
-8139
8659
257
2874
6161
-249
3473
9927
9117
7655
1344
-5737
1875
-3806
1749
-970
-5812
-9878
3725
-8389
444
7483
206
-9892
5408
2715
6125
2661
-1729
9161
3552
1283
3152
315
8184
7690
3312
9999
3068
-3484
-7144
7397
8890
5165
-1777
-2572
1252
4524
4667
9189
632
9540
8497
2717
-7557
4873
-4654
-8248
-3285
-1799
9051
9859
7276
5876
4230
-3459
-7377
-4099
5123
7323
297
6586
7691
-9034
5275
-3783
3548
-3389
6162
2680
988
696
1292
1537
-6669
-3998
-3486
4402
8832
-8479
-6347
8719
-972
2315
-3595
3447
2244
5533
-9578
5961
-6562
3023
5576
-8156
9595
-2477
6145
7171
-6566
-9933
8476
6337
8632
3385
7971
-8342
-5324
-7891
-2627
3360
2988
7026
-566
5400
-475
-6468
-2725
5701
-5065
-489
6908
-3265
-1352
4756
7323
-611
-8480
7584
-6528
-6981
95
-6042
-1985
-2188
5417
2476
-7033
-1790
4997
-8852
9642
-2401
-5997
6693
-7100
-4004
4203
326
8130
5689
-3371
7434
-6250
3534
4385
3861
-4034
-9927
-5973
9810
6067
-3481
-2065
7066
-3304
2776
-746
-2090
-1031
-8099
3685
4053
3301
5698
3491
-220
-1455
-1591
-1676
8517
-9569
3622
9369
-264
-8204
8213
-2568
-9
-1641
1259
-3209
8771
9746
-4611
7452
-1653
-4863
-5458
-2039
-3691
-5334
3916
-5835
-4696
9365
7179
9356
5660
-7166
7343
1833
7770
-9945
7284
-8439
-793
-8847
650
356
-5171
-2663
-6079
3542
-1429
-5326
-9037
6152
-6441
8619
212
-4428
4467
286
-3785
-2506
-1883
-7506
1144
3879
7039
-6430
1730
-9478
-6083
1725
-66
4205
-1370
-3832
-9143
-3043
-479
-6473
-1546
1904
1251
2707
-9922
8225
-9260
-109
-7688
-8932
-6912
-2061
3247
-2953
-1909
-3047
-9901
-3369
-1621
-5992
-217
8628
-7211
-647
-6336
9780
7353
6844
-7859
-5123
-7610
-404
9457
-4888
-3711
573
5552
1458
-4336
-5429
-6714
-4699
4382
-3274
9429
-291
6615
6687
-6572
-9569
-5669
-3184
-3191
4132
8810
-9164
7701
-9675
967
-188
-2855
8641
7327
5312
2412
-6279
8022
-4164
8677
1715
3084
6125
-1758
-6307
-5751
2970
8378
-230
-5863
-9428
4747
-4224
7940
-9512
-2973
-1254
1488
-8571
-5900
-6128
6698
2356
5415
7204
-4073
1096
4946
5954
-5133
-3434
7493
5309
-5357
-8985
-5722
-5491
-5949
-2663
-17
3991
-4286
1318
-2313
-4283
-9531
-4100
-5986
8752
2345
5018
6063
-9705
7284
-6611
2471
2471
954
939
5905
-5943
1442
9187
-6440
6267
7318
-6249
-1036
-982
-3304
5798
1148
-3209
3990
3574
-6507
8550
5737
-8465
5173
-7857
5548
7461
922
9877
4541
6621
-9764
4745
-1157
9567
-8921
-3916
7640
5551
-3419
-6724
-3216
3581
4510
-5842
6057
-7865
-5779
-7992
-7009
-373
-7216
-6803
-2920
4423
7108
-4414
5320
-7083
-5780
-5310
1849
8272
4391
-7066
-6526
-6369
8280
-7629
-9087
7896
-1063
-6414
325
9233
3017
-5314
2353
5491
-7161
-2599
-7187
-3555
6319
-8778
357
652
-5800
8331
8575
-2963
3421
7252
5291
1756
9756
-7645
1148
-8138
-9262
1958
-6008
78
4834
-4991
-8515
-396
3137
-6905
7217
-319
-5154
7603
8454
9727
-6974
7648
-5993
-5777
1690
-9610
-2773
8051
-8846
-7768
-6527
2446
5351
-243
-5774
-3071
9454
-7050
-3119
3565
1792
-1183
-9249
4993
5984
4374
1910
-1021
2480
-7105
4204
3139
8102
-4531
-1597
-1672
-146
-9553
-3657
2215
-5967
4804
1370
2434
5633
-626
5357
6407
8635
7694
-7029
-4678
5510
5303
-6495
1766
98
-1854
3261
-3912
-29
8828
-8821
-7053
-8269
-3755
6912
-2930
9466
-9608
-1030
5556
511
-5034
-1011
-1902
1988
-1644
-7073
8966
-9987
5616
-5777
-87
-7250
-2923
-503
488
-1210
-4201
-1725
4920
5164
2057
-4971
4129
-2030
1872
-5047
6444
1058
-2773
-300
3139
8541
-547
-6583
8868
-1291
-531
5971
-5265
5390
5141
5954
3649
3281
7098
-9066
-1300
9269
-1781
4329
-6459
2460
7056
3220
-6190
3959
-7952
-3922
6362
2782
-2876
-4382
5274
-5918
-1750
620
-893
6402
5001
-8980
2315
4102
-4126
6409
4759
-5593
9748
-2424
-6027
386
5362
-3654
-5419
-7883
8732
8465
6727
6780
3891
-1009
795
-2162
-4400
-7884
1376
-7672
-5745
-8137
8285
3823
-7178
-1965
-159
278
-2772
6941
2397
-5933
-767
-2048
-7520
-3025
308
-349
4958
1069
-2064
-8663
-3383
1696
-2805
1441
84
-1027
8755
3968
-6366
-503
1035
8843
-6984
-7871
-7589
7056
-2600
-2712
-9669
7270
8330
670
3926
7856
5748
7209
-1505
-9846
-7324
6485
2230
2080
-5808
8810
2506
1357
547
-795
-6420
1155
8101
7285
7927
880
-798
-5964
-6111
2631
4596
-2701
-7960
1125
7638
-8363
-5385
6937
9150
1871
859
5775
-6824
-4951
-1959
-8672
-9213
4607
-6491
5358
-1741
1467
-9963
-1422
-2643
-1353
-3344
-8402
8766
-7708
-8411
5519
6789
-2238
-9179
9386
8942
-804
9704
2199
3742
-6995
-9510
-5856
-3040
-1609
-3731
-8042
-9418
6793
777
-2093
98
7882
8339
-1756
686
-1391
-3872
6319
8808
-1428
536
-7505
-2779
-6024
5511
-881
-2239
5536
7836
8928
3863
1715
6469
-6826
5136
4519
6032
-5882
-5805
6613
2453
8052
3265
7942
6243
5967
331
7449
-257
-4610
-7204
1374
9089
293
-5995
-1065
-6445
8158
5132
-8191
-846
-577
9895
1826
9418
3568
-6122
-7250
-7618
-29
-5034
-5736
3378
5884
62
2135
-1929
-8092
7802
2428
411
-2763
9482
6749
8656
-3674
-4121
4407
8178
-1804
4254
-4764
285
7396
-595
-5282
7983
-7737
7827
-9221
-9729
8481
-9926
-1183
9655
1889
-1146
9976
-475
-1085
-3155
-9555
6780
-8138
3451
-8327
7255
-1553
9410
9128
4709
-4886
7106
-5747
-6221
-5041
8671
-9814
8076
6733
5648
6107
-5724
530
125
-4898
-6534
945
4587
5512
5955
1681
-4039
2727
60
-6947
-380
-6738
-7268
3618
7367
7459
4511
-8326
5256
8821
512
-52
-1597
2299
1458
5251
5684
6247
-7051
-2212
-892
5091
-4588
6091
8986
-2720
7278
8893
-9617
-2264
3186
6206
4458
6142
-5449
-4937
-1696
-7473
-6946
996
-4071
9584
-5955
9632
1180
-6812
-4977
3387
2351
7853
8177
-9174
9657
201
5291
-680
-3334
6428
-9084
5363
-6792
4255
1369
-336
7497
-4343
1086
3738
6399
-7509
3093
-2709
-8542
4798
4593
-6340
8203
1515
-5280
-4760
1063
8007
4681
7004
-8479
-7939
3815
-3968
7350
9253
-3126
332
-5520
5941
6095
2013
457
4542
5676
-7260
9495
6479
-796
1886
-1235
-757
4664
-4854
8015
-2826
2356
4100
-7235
-1127
-7873
804
7097
7953
7625
-1536
-6967
-2168
-6196
9527
-1510
-5826
573
4606
65
-6179
-1552
6126
2290
6547
-746
7555
-9376
1952
-598
-7948
2803
-4195
6916
403
1103
-4240
-5264
-5183
-6425
-3052
948
2508
2671
-7677
9473
1475
1492
4109
-6630
-2327
2442
6394
-8087
-7725
-7836
-2263
-7334
-7043
-7882
4161
-1211
6384
6753
5431
7513
1424
1700
2662
9110
-9872
-4861
-1468
-1010
-6928
8143
67
-8188
-5428
3144
3966
8768
-6786
-910
-5658
-5011
-6805
-9730
-2085
8653
-3238
9608
8354
-7678
6852
-3686
612
-3856
-3658
315
4116
-2674
3523
3702
4920
-2663
7628
-8371
6133
-8847
-6745
5147
8463
9657
-6295
9556
-5272
6026
-6994
-6358
8498
-6879
4328
-6397
-9296
-2220
-4190
9732
5014
9153
300
-5063
2915
9263
-1390
622
3919
2759
-1378
6922
-3079
9529
-897
427
-699
5663
-8652
7395
-5248
-8082
-7436
-1406
-5958
8408
-4777
4493
3186
2496
2612
4957
5875
-3206
4924
8340
-1326
6087
-711
-5630
3357
6757
-7195
-2025
-3383
5338
-7681
7043
8403
6633
1016
-5972
5649
5642
-8407
6175
-1616
6258
901
7898
4419
-992
6486
-7747
-7673
9824
5771
3642
7704
-8726
1316
-4955
-5817
5168
-6505
-4803
-549
7094
1275
-5749
2507
1898
7505
-252
-3630
9649
-1119
-1190
2953
-6562
4329
6282
-9890
8060
3668
2407
-13
6435
9546
-9128
-9716
1447
-6875
-1105
5752
7592
5907
-1533
-7018
-2210
-7362
-9222
-7357
7043
1502
451
5177
-3951
4384
3633
-9493
-3510
9795
-658
115
-7999
208
-6919
8630
449
2911
9435
-7664
2755
4711
7703
-8637
565
8122
4013
3317
5037
1487
-9047
7367
7755
-723
-1506
-1562
-3651
-1730
-8223
4012
-9908
-428
1511
1017
7167
-1078
-8580
9442
-772
576
-3587
3800
-6632
2365
-7015
-3076
-9854
-9909
-8340
-2238
3775
8694
5324
517
7034
-1203
-4477
-2383
-4857
-1746
-5879
-8450
8923
1077
-5472
-9238
6179
-4824
-5058
-6842
7431
2475
2424
2327
4180
9068
-3995
8771
-76
-5555
-8690
-9872
6268
9219
8476
8506
9269
8021
-5605
-5051
-2922
-6474
-5121
-8941
3076
4425
-9824
-5825
4250
1491
5931
-6359
-3590
6513
-3268
9557
6851
4995
-7982
6386
4099
3727
2809
-6967
2075
-4941
-1290
887
7581
-1016
-9896
216
7548
5112
7016
-7632
-5911
4154
-7623
8273
2599
-7234
-9139
-533
2095
-3579
3006
3642
2407
8543
-582
1239
-7811
-4470
3330
5677
6402
8279
1586
695
-449
-2711
-5357
-873
-8511
6222
-1731
-1210
-1746
-812
3049
-9610
-4092
819
5895
-9816
-3522
-4273
1991
8757
-5981
3217
-5583
7379
1594
3464
4200
-7204
8657
5142
-9213
-6160
-3321
-4293
6791
-4401
-7305
9385
-2705
2741
-2671
-2774
2384
2935
-8020
-2141
-6260
-3537
-9856
7917
1698
-9410
-8829
-9826
5366
4505
-9537
-5793
7367
3604
-8655
-4492
-8582
2680
-5786
7585
-7565
-8648
-6856
5540
-9193
1460
8816
-4266
6552
-4753
-288
762
9555
6640
9713
8362
7175
3795
1567
6091
-7595
-9574
-7791
8648
5599
1090
-966
-6914
6763
9096
-3574
-5149
7369
-8253
-5374
-3311
1917
-4842
-3157
9831
-6105
-6161
-1645
7526
-9541
-7237
7146
9550
7667
-6813
-9984
-5601
-8903
9234
-4590
2694
-4561
2131
-5751
-9827
-7161
-2772
-1152
7945
6166
6552
7090
2859
4736
-2528
-6393
9348
-8019
-6001
-1684
-67
1364
3974
5422
1706
-9653
-4300
-6018
-2336
5584
9688
-859
3133
6821
-8787
7694
5706
7040
1937
-130
-3556
9949
-4018
6322
5654
-2687
-2789
4981
9311
-8032
-3254
-6489
-9110
4190
-2863
-3266
5205
3061
6766
-6151
-7147
401
4229
2320
-3537
5097
-2943
-9192
-7917
6581
3110
-6798
-195
-2732
-903
7514
9135
-4504
-3636
6477
5811
6153
-4850
-228
-1901
-7924
-5406
-5655
-1901
2180
9649
-660
2421
530
4539
-9346
-837
-8819
-5505
3828
2055
-431
7473
-287
302
3488
7244
6455
6640
-6533
-2593
-1289
9063
7178
-1117
7944
2566
-8110
-3919
-1978
-2339
4223
541
1579
1651
-9397
6927
850
3224
-5841
-6113
-2687
-3107
7378
8852
8704
-6098
5308
796
6636
7705
663
7473
7384
8555
1032
7118
-5587
6789
6691
-2629
-5103
-6095
-5781
1048
-9197
5509
4641
-2221
1134
5566
-600
4416
5168
-9511
-3911
120
-9836
28
-3594
-5884
7256
2547
45
1161
7172
8191
2678
7226
6437
5653
-3042
-6149
3074
3003
8503
-3054
4261
-9146
7271
5731
-7965
-1538
7446
7191
-3345
5157
-7173
6207
5931
8933
-6411
8253
-3040
9838
-5930
-7858
-4821
-4169
-2141
5303
2504
-615
8868
7226
-3314
-8854
-8761
-9230
8628
-8515
-2758
-1901
-932
-7927
-5752
-1290
-7363
-8038
4703
-3707
-8708
-3619
7126
-8896
-4274
-178
2886
-110
5390
-4821
-3499
-6654
-7422
8389
4257
6988
5266
-8546
-1289
7483
9013
-1651
2269
-9210
-2833
-6895
-181
6871
-54
3051
-5003
4958
5848
-3916
-4767
-3501
-6923
-2761
-7357
6419
-428
8155
-2755
-7588
3141
9342
5521
2399
-7250
-6089
-7474
-4781
-7409
1104
7538
-4320
-7546
-6679
-7987
-997
8429
-7063
5290
1288
3635
7942
-8876
6987
8865
1823
-2985
-5915
-343
-2053
8091
2602
9689
-4653
-8222
2141
3848
283
-5190
-4947
4285
-1922
-4173
6155
-5648
5371
-709
-539
-6961
-5216
-4217
-2104
5820
-2100
6398
-4925
5538
4017
2200
-8439
-2611
-4294
3509
7160
88
-2187
7464
3386
2669
-7319
-985
-5173
9699
2567
2177
-9931
523
6237
9679
-9101
8820
-4342
2170
-3462
-6665
-3473
-1910
-1306
3270
2958
-5207
8026
9210
179
5378
-3361
-5467
-2087
-1155
6380
2402
-4553
7988
-3506
-9743
-6946
-1900
-4150
3964
-8584
-4088
-2546
-520
7733
5897
403
-822
1765
-230
1108
9508
5038
-2493
-8621
-8823
931
5890
-3574
-5108
-8440
-3065
-7985
-8100
3691
7976
4889
-9343
921
777
9969
1460
-6830
-9126
5641
9758
9254
-8253
-4346
3080
-1864
5602
-207
-1884
7217
-2613
2861
-7641
2773
-4324
6171
8424
-6915
-559
-7843
9889
-814
2487
-6529
-8127
4915
3467
-6074
-7202
9524
-7212
6988
-2915
5417
-1815
-5346
-904
-8652
7739
-5664
-8325
2396
457
-3465
5711
-3767
-2454
6127
3945
9998
-6324
-7858
-1274
7271
-8149
63
9567
-9880
4699
7517
8931
-3552
7630
-642
-7049
1199
-1896
4828
2127
8202
-5481
-8617
-128
1391
3061
6376
-5039
724
6929
9833
-6635
-6793
7257
6977
8894
-8951
291
2582
-5449
6035
-8794
-8596
-4186
7412
1813
8453
1608
294
9295
-9869
-5382
79
6981
-1157
-1706
-7351
9470
-6131
2218
-510
4185
-4296
-3671
816
-2516
2573
-4975
-5606
2850
-4449
7795
-1879
6284
2706
1775
-161
-4099
-4727
7629
-9581
8487
-6813
1396
-2737
3845
397
-3757
-2331
4118
6544
6409
5255
-5532
-6444
8817
-4236
8856
-4652
6742
195
-1706
-1218
4993
8915
9480
-8367
6789
-6567
7587
1244
-2691
7343
-3221
1374
9596
3194
-9972
708
137
2980
9621
7396
-7928
-3315
-9712
-5056
6447
-2522
8008
9590
2984
1066
-5241
1198
-7273
-4341
-9651
-151
-9167
2744
1738
8768
9842
-9689
9014
-1227
-5335
5608
7950
7367
-6501
-1025
-8035
1357
5408
-8773
4926
-6471
7690
-4350
8446
9724
2776
-979
9106
-1868
-299
7222
-7079
-9862
5736
-1323
-6048
-2494
9409
-8910
-7197
-5984
-4264
5688
8113
-9413
8063
-8363
4568
-6816
-9748
-1199
5077
-5882
6648
7721
3210
5890
1624
5177
-415
8946
-3464
8598
-6500
8762
-221
1206
837
2094
448
7950
414
-4206
3191
-5704
-6014
-7408
5086
-7185
5300
4287
-3015
-8175
-1889
8285
8695
9494
1878
8800
1914
5463
1212
-486
-4707
2460
9146
-1855
-7015
-6415
1528
3727
2262
-1604
-1231
-5240
-5677
913
-5378
8190
1944
-5832
87
-1130
6996
2690
-9563
-4676
3476
-4981
7008
-6652
9119
-5066
-8941
7358
-4656
301
-1089
-7055
3046
-8515
-6087
-8732
-8159
9114
-6188
-6399
-3303
3298
-9384
-4779
-5943
4966
5073
-5113
4530
-5771
3561
-2433
-3781
2558
5332
-9709
-8178
2850
-6939
-1974
1598
-6530
-4473
-9564
386
9894
3632
-4035
-4212
6957
6222
-7090
-3295
7894
-2565
-1228
-5281
-3267
-6821
-4075
9952
-3120
-834
4721
-9006
6039
9295
-3625
2090
5642
2980
6820
2580
-8067
-8429
3299
-4959
-1763
-3421
8376
9492
-1312
-6661
8061
-9599
1960
9881
-6494
6875
4923
-2472
2304
5290
2184
-6242
-5535
7955
-2266
-179
-8768
4483
-4718
4575
3273
5298
2329
7841
3979
2060
4167
-9245
-7729
1509
-386
4214
6372
236
-286
-5106
933
6170
6339
3050
-9387
6912
-4205
6383
-4072
6043
6624
-2698
-3617
-1468
6445
-544
4102
4977
870
5751
-4292
-2278
2584
6002
-8684
9385
-4615
-9123
-9364
-1110
-6748
-8573
1792
2053
2517
4027
-313
973
78
2730
-1769
2070
6496
6454
-3998
-2719
-2101
-1276
4715
266
5211
-7074
5255
8480
-5185
6862
1286
-4677
-960
-1349
9582
-2377
-6406
-668
-408
2237
-2396
-1293
3055
4523
2806
8911
-9993
-6700
-1538
6530
5853
-8799
-86
2585
491
3217
631
1039
4746
-4864
-5301
7862
-243
5520
7977
-4998
-8431
-1917
-1071
-8663
-8362
4912
-1411
-1705
5791
4065
-5229
-1414
6414
-1786
9432
-1123
7033
-8391
-9673
-1576
-6447
8100
1855
-2893
-1384
2216
-4154
-3809
-1634
8091
-6603
-7083
441
675
5711
-1721
-4111
-5337
8138
-4340
-6549
-2979
982
9114
-7180
-6064
-7254
-6646
-2563
-9624
5329
-8694
-1543
9769
8373
-2816
6077
-5497
1951
-6307
2088
-8413
2310
-6175
8008
-6435
-6609
